1 2980
2 1100
3 646
4 406
5 297
6 206
7 167
8 145
9 90
10 89
11 61
12 73
13 59
14 38
15 35
16 32
17 24
18 34
19 32
20 24
21 17
22 20
23 18
24 19
25 17
26 19
27 17
28 20
29 5
30 8
31 9
32 15
33 9
34 10
35 7
36 7
37 7
38 7
39 9
40 3
42 3
43 1
44 6
45 4
46 3
47 3
48 1
49 5
50 8
51 3
52 1
53 3
54 4
55 2
56 1
57 1
58 3
59 2
60 2
61 2
62 1
63 2
64 3
65 2
66 1
67 2
68 3
69 1
70 2
71 2
72 1
74 1
75 1
76 2
77 1
78 1
79 1
80 2
81 2
82 1
83 1
84 1
85 2
86 1
87 2
88 1
91 1
92 1
93 2
94 4
97 1
98 1
99 1
102 1
104 1
105 1
107 1
108 2
109 2
110 1
115 1
118 1
119 1
123 2
124 1
126 3
127 1
132 1
134 1
136 1
137 1
146 1
147 1
152 1
153 1
154 1
155 1
165 1
172 1
174 2
176 2
184 1
186 1
190 1
194 2
197 1
200 1
206 1
210 2
211 1
222 1
252 1
255 1
307 1
308 1
317 1
328 1
360 1
365 1
373 1
385 1
402 1
460 2
498 1
510 1
528 1
535 1
547 1
558 1
574 1
608 1
667 1
686 1
687 1
868 1
1018 1
1021 1
1129 1
1391 1
1776 1
2094 1
2642 1
2850 1
2976 1
4194 1
